pindex = 0
pmodelid = 18908
pboneid = 5
pfOffsetX = -0.882000
pfOffsetY = 0.021999
pfOffsetZ = -0.185000
pfRotX = 0.000000
pfRotY = 0.000000
pfRotZ = 0.000000
pfScaleX = 1.000000
pfScaleY = 2.607999
pfScaleZ = 2.056000
